1|Structure_ID  2|ff_E 3|vasp_E 4|crystal_E   # Energies are Lattice_E in kJ/mol
1003001107714 -93.0083 -92.9241834458 -82.58175256755203
1003001108263 -90.564 -92.6653826952 -81.02117471420206
1003001112945 -90.2749 -89.7094595516 -78.0104316608049
1003001114267 -90.2713 -89.0583450018 -78.02074365655426
100300211113 -90.0827 -90.0212522763 -78.13309077860322
100300214416 -90.7886 -91.2372040064 -80.18647807277739
100300216318 -90.0838 -89.8995658767 -78.1481022107182
100300217656 -90.4033 -92.953163198 -81.05426970322151
10030025204 -90.4039 -93.0751708927 -81.07484496536199
10030026007 -90.7893 -91.3728503382 -80.1976206456311
10030026425 -89.9889 -89.3822490062 -77.37496812827885
10030041101 -80.1269 -71.4358807708 -61.83594160096254
1003004167 -84.5545 -85.9562084892 -75.4666043483885
10030041788 -87.6877 -87.9049387081 -77.0835764099611
10030042318 -87.3818 -87.5157220775 -78.35709934716579
1003004237 -77.7599 -78.5630135241 -68.75909020216204
10030042798 -91.9357 -91.4435878335 -81.179977447493
10030042936 -87.5353 -70.2305636174 -60.0968506973004
1003004302 -83.65 -66.5034450349 -56.360493379761465
10030043162 -82.7521 -83.8074682422 -74.1400995402364
10030043257 -82.7544 -83.8175094361 -75.33221269457135
10030043830 -90.2623 -92.5444112495 -79.93778954737354
1003004515 -93.182 -92.7383871056 -80.64297650929075
10030045199 -87.9753 -85.2180369712 -75.16801298188511
10030046724 -90.4051 -95.0903180087 -83.4194496445125
10030046747 -82.7551 -83.4226706246 -74.25950746110175
10030046792 -81.2938 -85.3895323047 -75.9588685252238
10030048502 -88.1395 -85.6157148539 -73.03657691343687
10030049224 -91.1206 -85.1598965575 -73.40413060307037
10030049808 -84.2193 -82.9886912255 -73.6409752711188
10030049931 -92.2155 -93.3305584864 -81.31847741943784
100300510511 -74.7772 -66.2541709719 -57.44559792149812
100300510726 -77.32 -81.5813484724 -71.64886779582594
100300510750 -78.2086 -72.5801518647 -63.56810294161551
100300510931 -78.8023 -80.9142514236 -71.65479289472569
100300511674 -76.0866 -80.0444934215 -70.83760911819991
100300513236 -86.5555 -87.5024211379 -76.39194677269552
100300513466 -78.8724 -83.1392850135 -73.39265617995989
10030051347 -74.287 -82.2973622102 -72.113781960099
100300513961 -86.0252 -86.9171843752 -76.41742095677182
100300514043 -85.1881 -87.5807078608 -76.67811644868925
100300514753 -79.8415 -85.0686572057 -74.7004038853338
100300515335 -83.4986 -84.2652770241 -73.29574658244383
10030051682 -84.9369 -86.5721306176 -76.15396645735018
10030051710 -74.5204 -68.2876635046 -58.671618775464594
10030051929 -78.317 -85.7525691779 -74.28446194028948
10030052240 -80.6018 -79.6092655065 -68.86079933319706
10030052371 -73.2229 -68.236488343 -60.19107084989082
10030052439 -83.3028 -87.8289278251 -77.01416473241989
10030052618 -78.6933 -74.0759223966 -62.62320942385122
10030052957 -84.2174 -87.0640014991 -77.08260234910995
10030053116 -78.4198 -82.8641315026 -72.0507200564025
10030053468 -75.0726 -76.1310598918 -66.52683374786284
100300536 -77.5405 -84.7928618284 -76.19949592300691
10030054133 -83.4043 -87.8945849028 -77.29538067919202
10030054144 -83.1487 -84.3801011693 -74.13351382594556
10030054243 -76.0984 -70.4236414394 -60.379520410089754
10030054279 -80.3816 -88.1948151064 -78.18799504137132
10030054839 -82.1487 -86.6223115012 -75.66332376352511
10030054932 -81.2398 -86.5989474173 -76.60900453780778
10030055038 -83.2927 -88.693963369 -78.52614548499696
10030055699 -88.2172 -83.5997806615 -72.12606293708086
1003005588 -80.3814 -88.2216849728 -78.18898706056643
1003005605 -75.6192 -67.6665823232 -57.88794738985598
10030056302 -81.7678 -84.5951310172 -74.00598432531115
10030056652 -80.0893 -85.56055052 -74.29476296145003
10030056851 -87.1675 -85.027239331 -74.97505982138682
10030057146 -87.9053 -86.947557612 -75.18598008470144
10030057165 -81.8087 -84.9362515638 -74.4168874748284
1003005749 -81.7239 -85.5522947809 -75.26588411652483
10030058000 -82.8528 -85.8431410946 -74.46565779310185
10030058152 -76.36 -69.5250008937 -60.594224164262414
1003005869 -83.1405 -84.4573678045 -74.13198735972401
10030059271 -84.4236 -88.154211565 -77.91519761853851
10030059350 -72.7374 -68.8495069966 -60.05307794094551
10030059374 -79.7796 -80.9376606143 -71.20327817078214
10030059578 -77.7718 -69.2030577057 -60.76492859469727
10030059909 -86.2885 -87.639378942 -77.49033139948733
10030091021 -83.1373 -84.4285419459 -74.12962959439028
10030091188 -79.2424 -84.0910087117 -74.76721073768567
10030091393 -91.8388 -93.6486311786 -82.27921880141366
10030091519 -91.9443 -92.9123169969 -80.996262124856
10030091557 -76.1336 -84.2776968145 -74.33067456143908
10030091716 -87.8514 -89.9217453661 -78.05223254789598
10030091820 -87.748 -87.7003538438 -77.05497387598734
10030092018 -84.3411 -85.516723656 -74.64648909517564
10030092121 -77.8814 -78.8067761226 -69.27378345478792
10030092145 -78.0831 -62.410581004 -51.91115860932041
10030092192 -87.8989 -86.7076404231 -75.18813141994178
10030092244 -81.3849 -81.7776339382 -70.62310340546537
10030092301 -84.4453 -89.5811173755 -79.18973004759755
10030092406 -78.9119 -84.2956910258 -75.3868830120191
10030092592 -77.2761 -81.6482774636 -72.15158536471426
10030093331 -75.3371 -71.1988921429 -63.1302177173784
1003009364 -72.5656 -69.8469498708 -60.82951414200943
10030094015 -86.7903 -86.2950867243 -75.53140672296286
10030094053 -76.1336 -84.4099516986 -74.33133494050708
10030094141 -77.5267 -72.1308371397 -63.496794471284375
10030094392 -82.481 -79.670250298 -71.12291822058614
10030094434 -77.8751 -78.5157269492 -69.15474521752913
10030094672 -85.9747 -87.9988412871 -77.96757235564291
10030095000 -83.1465 -84.5817943781 -74.21677291963715
10030095584 -85.2237 -86.904603696 -76.10256794700399
1003009604 -74.782 -66.3645744156 -57.44260288157966
10030096239 -84.5705 -87.4791016782 -77.46340432879515
10030096575 -73.2252 -68.3151602823 -60.18651783769019
10030096692 -76.398 -82.3452877569 -73.04409141186625
10030096982 -90.608 -92.4168245509 -80.0204889762681
10030097193 -78.9736 -81.9878240986 -71.6945480966242
10030097410 -90.3768 -92.9543251186 -81.0159448479535
10030098098 -75.6085 -70.5894369216 -61.67007419629954
10030098497 -91.8501 -94.4785449764 -82.2063146828441
10030098653 -74.8173 -75.3430681028 -66.42988588369917
10030098828 -76.1761 -84.5764249879 -75.07314485567622
100301410122 -84.3454 -87.2056752488 -76.83585437072907
100301410148 -86.9356 -89.0712240608 -78.0427761503961
100301410227 -87.9678 -88.7623521782 -77.70783595915418
100301410265 -86.3453 -80.3081164924 -69.49406848545186
100301410457 -92.2133 -90.0555565532 -78.05521268816665
100301410563 -77.7614 -69.1794483086 -60.72525504580699
10030141095 -87.0718 -87.7529126003 -76.83629959006794
100301411033 -88.2373 -90.2792329045 -80.0483313620789
100301411079 -82.9746 -82.1741723331 -71.02424789662473
100301411080 -84.4176 -89.0396317361 -78.73634445737116
100301411141 -85.3056 -78.5930864513 -67.46471954148728
100301411301 -90.399 -92.52953278 -79.88648531888612
100301411421 -80.2551 -85.8983254492 -77.35142954217736
100301411507 -90.689 -95.1352419071 -83.3466510711005
100301411623 -87.6248 -90.3272173071 -78.6583735817112
100301411674 -89.6793 -90.5427840941 -78.7147035044618
100301411735 -78.6906 -74.544048802 -63.27686598349828
100301411749 -92.7539 -92.1960854443 -80.04186980763916
100301411801 -81.9309 -83.5117520893 -73.60683541162871
100301411910 -79.7492 -86.2937858653 -75.53388407989405
1003014138 -88.4683 -85.3748620017 -72.8395406792406
10030141448 -84.0937 -83.0881021331 -73.71103609050624
10030141532 -88.1394 -79.6369031523 -68.64331367716659
10030141573 -92.2723 -92.7162396975 -81.34650380036328
10030141690 -82.5898 -84.144237074 -74.32850241893902
10030141758 -95.709 -98.4638682736 -86.81991006457247
10030141812 -87.445 -83.964754471 -71.59494709828869
10030141887 -91.1268 -91.4460120191 -81.0465738089988
10030142013 -79.4227 -82.8400486054 -74.26779965905007
10030142046 -84.2685 -87.8581232213 -76.81355113524478
10030142296 -77.6213 -74.7023476409 -64.99896123283543
10030142319 -86.6331 -89.2067932046 -78.44465676636901
1003014239 -88.5026 -90.2305540511 -80.11036446329672
10030142443 -88.6967 -85.0777231775 -73.44897967029829
10030142464 -80.6646 -79.7890908725 -68.66642996459268
10030142583 -81.8341 -82.065860443 -71.8401643440593
10030142596 -89.4319 -84.132438647 -73.03782736079302
10030142599 -78.6661 -75.5536432383 -63.92076204705518
10030142663 -77.8975 -78.1702940056 -68.7346869467292
1003014275 -91.8876 -91.716600101 -81.00391598476563
10030142912 -83.9599 -76.5148557538 -67.68878378369845
10030142975 -81.8021 -84.6082631082 -74.3661117333686
10030143085 -77.9718 -78.5446681074 -69.65418517682701
10030143370 -90.173 -92.1867415957 -79.98485758283641
10030143527 -78.1929 -73.0247725944 -63.633646534290165
10030144171 -86.7797 -87.5535729018 -76.45560158009175
1003014419 -87.7657 -87.9084153039 -79.20198595104739
10030144338 -81.9138 -85.0031798314 -74.1525944560999
10030144349 -89.0827 -87.2377951053 -75.05499982263427
10030144392 -82.4582 -79.5490431877 -71.03745665983297
10030144400 -83.434 -79.3850674126 -68.83702023816295
10030144418 -87.5064 -78.5150710925 -66.96315456740558
10030144462 -77.1152 -73.975520588 -64.14090917329304
1003014448 -90.1208 -89.1177508163 -77.24017663684208
10030144644 -90.1827 -91.9578041586 -80.60534395929426
10030144858 -90.8391 -85.527089522 -73.98784657812212
10030144957 -85.5553 -87.8923488629 -78.49562462884933
10030144987 -86.9854 -91.4377239577 -79.75952318892814
10030145010 -89.8893 -90.8503857517 -78.81981168768834
10030145155 -91.4552 -92.5822842653 -81.55548158672173
10030145405 -88.6674 -90.48128552 -82.37554291228298
10030145506 -86.9545 -88.6932341836 -76.53073822765145
10030145508 -81.3838 -86.8743197079 -75.23643518669996
10030145528 -87.3674 -88.0897716457 -77.13775197789073
1003014555 -83.2967 -78.4974719872 -69.0643893951783
10030145725 -79.8498 -86.7307606412 -78.07474378868937
10030145744 -87.9232 -86.8867894293 -75.42865079152398
1003014588 -87.8877 -84.8576546416 -75.15640513086691
1003014597 -80.4534 -88.6763715001 -77.60014553018846
1003014602 -82.7853 -77.6876084961 -69.17306911270134
10030146305 -87.7061 -83.3528060773 -71.95610462152399
10030146381 -85.8556 -82.8545691155 -72.91309250879567
10030146416 -79.8421 -86.6384191896 -76.80899050901644
10030147174 -88.497 -91.8333565995 -80.26269457559101
10030147177 -86.2579 -88.9377717979 -79.56362236558925
10030147244 -87.1545 -89.664923764 -77.78008127398789
10030147395 -86.324 -84.9703648004 -74.10929502500221
10030147502 -87.5442 -88.7340668768 -77.1958683572011
10030147528 -77.387 -72.5410440821 -63.137039096676745
10030147746 -77.5762 -72.3166228666 -62.99605554540176
10030148143 -86.586 -82.488712227 -72.63314737018663
10030148177 -79.9556 -80.036600466 -70.23629756178707
10030148209 -82.2092 -86.5692179766 -75.97558842319995
10030148379 -87.1791 -87.7054082106 -77.9038969380781
10030148430 -91.9841 -93.3966509526 -82.27823377924506
10030148473 -80.0736 -82.1631342079 -71.58839732699562
1003014849 -91.3992 -92.2015899136 -81.1270241420716
10030148533 -79.215 -73.2242946495 -64.96160613268148
10030148839 -82.6872 -80.0076098593 -70.43931953085121
1003014898 -91.834 -91.4704625242 -79.61095843859948
10030149010 -94.3316 -91.6691878545 -79.21641379990615
10030149117 -81.0126 -85.0302605175 -76.6248069020221
10030149347 -76.6041 -74.8479131131 -64.68096320144832
10030149417 -85.5113 -90.0278817607 -78.06900851347018
1003014941 -84.7061 -86.7299074726 -76.67260283138603
10030149708 -90.295 -90.4979634346 -78.5480869919993
10030149729 -90.6159 -92.0475134995 -81.64176335395314
1003014978 -83.6478 -80.6149730446 -68.89519050577655
10030149846 -90.9809 -87.3205985323 -75.08402565296274
100301510112 -85.1363 -86.1224368272 -74.87076137540862
100301510117 -81.596 -82.1585830104 -74.02553885837551
10030151028 -82.5647 -82.3734437684 -71.90645902696997
100301510325 -82.6747 -83.3636016633 -73.64603348227683
100301510376 -85.1805 -89.4229094737 -78.85553024767432
100301510553 -74.5834 -68.6037072378 -58.7051582026761
100301510616 -78.8036 -82.5930371157 -71.41634684836026
100301510760 -80.1532 -86.4292448956 -75.5925294974586
100301510761 -77.8475 -77.1790746551 -67.86029370455071
100301510861 -81.179 -84.7636806637 -75.15498516149819
10030151092 -88.9517 -92.1410744009 -80.47823339013848
100301510992 -77.26 -83.5072917083 -74.54381521069445
100301511250 -77.1985 -83.2943558261 -73.07976796384901
100301511604 -84.8157 -88.2915451783 -76.64583348773886
10030151170 -78.556 -82.6542721652 -74.09181211062241
100301511794 -80.6359 -84.4454596258 -73.67202183778863
100301511840 -83.9257 -87.3711163898 -76.12696981092449
100301511933 -78.1667 -79.6429866522 -69.94949996448122
100301511992 -81.8282 -84.4067815633 -73.68600233423058
100301512138 -89.2511 -88.1448596358 -76.64187741593923
10030151230 -73.2627 -73.7033356794 -63.47093017050065
100301512391 -90.486 -93.7362888866 -82.57254126050975
100301512486 -81.3456 -86.0983746742 -75.52901275840122
10030151255 -77.3281 -69.1342753583 -58.27283762884326
10030151263 -81.1319 -86.1307487687 -75.3939458389068
100301512792 -80.5821 -76.8777477789 -67.35969911562279
100301512814 -87.6653 -90.5913424619 -78.53858602663968
100301512932 -82.4274 -85.3455844727 -73.96555853774771
100301513074 -81.734 -83.4348452225 -73.53039523574989
100301513115 -73.7884 -64.5016952229 -55.42701195564587
100301513231 -85.301 -86.0439543603 -74.77158022753429
100301513254 -85.1321 -86.0509268488 -74.81979679479264
100301513297 -81.0824 -83.4166524933 -73.02832334325649
100301513381 -82.498 -68.0637763336 -57.49232395924628
100301513422 -84.9875 -87.2834183994 -77.49449094757438
100301513511 -78.0119 -68.2223680045 -58.50046080292668
10030151364 -77.0744 -80.1887305364 -70.45428797032218
100301513689 -80.5237 -65.4964631711 -55.117071979912
100301513770 -83.5844 -85.8970523296 -75.75231892010197
10030151402 -80.9373 -86.5917978788 -74.70154581416864
10030151410 -82.3234 -86.2560253751 -76.56926738622133
100301514252 -86.0245 -84.2785154897 -73.77318208827637
100301514438 -88.0215 -76.219255383 -64.88045643188525
100301514528 -83.3159 -85.6836225647 -74.78574989119079
100301514574 -76.2708 -69.327329059 -58.615734564256854
100301514695 -85.041 -84.2196782131 -73.312599672121
100301514992 -84.7524 -83.9922201323 -72.97022662241943
100301515116 -84.3257 -86.1171334085 -74.88373226835392
10030151528 -81.3 -78.6958282624 -68.69484027905855
100301515379 -78.4782 -82.7604211028 -73.32114170619752
100301515563 -87.2814 -87.5934178298 -76.65190577879548
100301515598 -85.3258 -80.1609122225 -68.69098023499828
100301515628 -78.5615 -82.6879712399 -72.62146855180617
100301515866 -77.5855 -71.5660895698 -61.29964911472052
100301515870 -83.0884 -86.126147399 -75.39274719939567
1003015159 -85.1852 -85.719921066 -74.30031973542646
100301516025 -89.263 -88.6344726477 -77.34514307579957
10030151608 -81.5009 -85.4048837919 -74.58137234323658
100301516733 -88.9306 -89.3565414222 -77.58963591314387
100301516745 -75.3138 -72.9959721837 -63.541945503791794
100301516946 -74.4148 -71.1586326912 -61.2130471020937
100301516966 -73.9401 -83.2771804106 -73.26404963328969
100301517144 -90.2942 -91.9227358411 -80.28674744488671
100301517218 -73.2814 -82.5765723122 -74.33305060688872
100301517383 -84.191 -87.9960123469 -76.74487804400269
10030151740 -74.4717 -73.9669241363 -64.67877691413742
100301517441 -86.3569 -87.9582547512 -77.56509079539683
100301517552 -82.3579 -86.5799682147 -75.2528356728144
10030151763 -87.8447 -88.3121971895 -77.15486748644616
10030151885 -74.1651 -76.2836686484 -65.20008873916231
10030151897 -79.1927 -85.5024881385 -74.98496721428819
10030152029 -80.2329 -79.0958994555 -69.70353638730012
10030152049 -83.0409 -85.0709160401 -74.40723419759888
10030152148 -74.7363 -68.4298649067 -60.39034058456309
10030152307 -73.0723 -73.9031830096 -63.780821869848296
10030152512 -74.7157 -79.8126136743 -70.35842276422773
10030152548 -83.4937 -86.9413266107 -76.20256585557945
1003015254 -85.4338 -87.8717251942 -77.51498055260163
10030152557 -74.6507 -71.8003637129 -65.03121340984944
10030152565 -77.0273 -72.9458646287 -62.991235388442874
10030152680 -77.8018 -78.3394076069 -67.79752398619894
10030152848 -76.7827 -68.2225571151 -59.02424499648623
10030152920 -77.5509 -84.0499475902 -74.89650861162227
10030153091 -79.0868 -77.9586771939 -68.88792758283671
10030153559 -83.1933 -87.8821813942 -78.47514230944216
10030153610 -90.2759 -92.4131964737 -81.42490814614575
10030153680 -80.8275 -85.4219439077 -74.81705163687002
10030153711 -85.3463 -83.4835229904 -72.52166922972538
10030153729 -88.3145 -88.5643986073 -78.69671317911707
1003015386 -89.032 -90.4274733027 -78.47978245548438
10030153895 -85.579 -86.2408032985 -77.3953618829837
10030153993 -78.0689 -82.7068416556 -72.94306601362769
10030154038 -81.6778 -77.1304576727 -66.42231636797078
10030154210 -85.3084 -83.7300010387 -73.33486316399649
10030154229 -83.6473 -87.9946555266 -77.11750260612462
10030154233 -78.8388 -83.8423295993 -74.178874537698
10030154423 -89.7086 -91.3392067423 -80.51116809889209
10030154602 -86.6076 -89.4256254058 -77.43203176034149
10030155163 -83.4907 -85.10034493 -75.22404416860081
10030155241 -81.1159 -80.6324509405 -71.0689785865834
10030155339 -86.3329 -77.7359666575 -66.8955568484962
1003015535 -76.6908 -81.0996350493 -71.5378703516908
10030155519 -76.7062 -84.2529839909 -74.90700772672426
10030155751 -83.2006 -83.397060611 -72.39247201103717
10030155771 -86.6496 -90.2066806469 -78.72588190238457
10030155995 -81.2373 -87.4651966218 -76.51162553357426
10030156107 -79.6365 -82.9027338244 -73.23161990684457
10030156238 -76.0753 -67.5424614865 -58.57781908370089
10030156242 -76.2398 -77.0765909414 -68.55148937937338
10030156313 -78.2714 -74.0225361606 -64.70186875155196
10030156458 -82.8541 -81.9444310553 -71.88122103945352
1003015657 -83.3976 -84.293985774 -76.53508392372169
10030156713 -82.0848 -86.1591193387 -75.99795174982864
10030156764 -76.7886 -76.7100402052 -67.84489451884292
1003015687 -80.9517 -80.7365021736 -70.27642650366761
1003015693 -79.7819 -85.4975733132 -74.09624156018253
10030157097 -84.3023 -85.931865203 -75.62021018518135
10030157206 -80.0625 -84.3119798647 -76.35684057790786
10030157225 -84.2951 -84.3269891919 -73.57647133083083
10030157227 -78.7932 -76.123932183 -65.61951088381466
10030157341 -85.2296 -84.5605134053 -74.57877788890619
10030157410 -75.3837 -83.0289023141 -73.71642309299204
10030157507 -83.6708 -85.3548410024 -75.56312336330302
10030157736 -83.9615 -85.3528900757 -75.41630877170246
10030157763 -80.8536 -79.8866016287 -69.40186188183725
10030157780 -76.6902 -70.3086226358 -61.693346504238434
10030157948 -85.3555 -74.9288394244 -64.24890393053647
10030158295 -73.3898 -70.5917336264 -62.797026339452714
10030158440 -74.9841 -83.9571614633 -74.0973476836225
10030158472 -82.5841 -86.525270024 -77.03730819385964
1003015856 -82.9885 -82.6410836305 -72.00987468101084
10030158571 -84.8935 -84.8262166928 -74.44696160196327
10030158684 -80.5854 -73.622455319 -63.07949776772875
10030158685 -74.6124 -73.1190722092 -64.44309578253888
10030158804 -86.9033 -87.8661290642 -76.77737048710696
10030158808 -87.1004 -90.201931414 -79.42741883406416
10030158838 -88.0451 -89.8500043062 -78.47312067379244
10030158910 -87.8293 -89.2687996517 -77.13238814543001
1003015891 -83.377 -85.2615454347 -75.38595004030503
10030158945 -83.3864 -86.1479071787 -75.0094293662114
10030159224 -80.6413 -83.240962595 -72.06561173289083
10030159510 -81.6939 -84.1406555508 -73.44281000597402
1003015954 -85.2725 -87.0682017323 -75.79633964179084
1003015966 -76.2808 -71.4794398889 -62.06909528106917
10030159767 -81.1742 -83.55947152 -73.08292430802248
10030159779 -78.7418 -81.3738659224 -70.81870400276966
10030159819 -80.6363 -86.999761183 -76.61032877478283
1003015999 -83.7651 -85.0359117646 -75.21336927614175
10030191039 -85.9714 -78.8641036503 -69.1691825838061
1003019108 -88.8623 -90.6320570816 -80.19075598509517
10030191196 -82.8258 -85.8464637968 -75.03032116533723
1003019125 -88.2219 -100.99723343 -92.09082582651172
10030191292 -88.8881 -88.9330080923 -77.47565202752594
10030191454 -78.6547 -70.4967430584 -60.938002329319715
1003019174 -84.5497 -82.6605375393 -71.80645396397449
10030191843 -79.469 -81.8397987413 -72.60637435084209
10030191922 -81.6138 -80.4798395306 -71.85564981040079
10030191924 -86.7553 -73.7481254637 -62.82676653563976
10030192136 -78.3422 -76.9037081536 -67.17378550046124
10030192311 -75.8813 -64.3951874817 -55.9244843646884
10030192434 -81.605 -74.4989625676 -65.86977860867046
10030193937 -78.0524 -82.9153573188 -74.06692180514801
10030194486 -85.5182 -90.0582166447 -78.17843203537632
10030194842 -79.4014 -67.9432004764 -58.618602628586814
10030194935 -86.6843 -84.3119928902 -74.27328478964046
10030195114 -86.3957 -85.8521653367 -76.35925022978336
1003019533 -85.7164 -76.1747396161 -66.37018895300571
10030195832 -78.0144 -82.8855955557 -74.16072294092737
10030196368 -76.1973 -74.2644454029 -67.20806981506757
1003019642 -76.4072 -66.4045295777 -57.36881410039496
1003019653 -87.2479 -90.6950868727 -79.70403782417998
100301976 -87.562 -89.0810322435 -78.1406984035857
10030197801 -80.6153 -84.4327694362 -73.22255510289688
10030198699 -84.0082 -77.3075432265 -67.8069745748071
10030199100 -83.3993 -75.2770829762 -64.81892709853128
1003019950 -84.2577 -87.6817910947 -76.825837822631
10030291456 -87.4051 -93.3808983291 -81.9789362710435
10030291527 -84.9878 -90.1943536027 -79.03345997747965
1003029190 -81.8975 -88.7151567817 -77.77849895029794
10030291913 -87.5584 -90.9528800787 -79.0453278318746
10030293625 -86.181 -81.9825343085 -73.62357271672226
10030294170 -76.5061 -71.9802587893 -62.560788076603785
1003029421 -82.1351 -88.0338057626 -76.89731537539046
10030295000 -91.4993 -94.1822600445 -81.93981020490173
10030295975 -86.4915 -85.4890780501 -75.57857463241089
10030296199 -86.887 -87.8059981649 -76.87112318247091
1003029623 -78.0865 -87.3226375016 -78.78325789025985
10030296435 -83.9742 -85.0391788673 -75.64349013974424
10030297858 -80.8969 -84.8081281675 -75.53980504360516
1003029896 -82.3568 -83.9443476523 -76.9722209131578
10030299451 -88.9552 -92.7704951427 -80.92737882945221
10030299566 -86.3189 -93.0882981593 -81.56101758650038
10030299596 -74.8983 -84.6691793953 -75.6539932587184
10030331010 -88.0827 -89.4338771649 -79.7216152237961
10030331014 -78.7401 -80.8464309111 -71.31177928869147
10030331092 -76.3665 -83.9009055222 -71.89496491255704
10030331192 -80.0719 -78.4843056441 -68.51837856508791
10030331248 -78.461 -85.6803031189 -74.22050526598468
10030331253 -90.8805 -92.58214991 -80.33131834026426
10030331260 -72.8311 -73.6758678472 -64.10943755775224
1003033147 -79.0814 -82.2347707022 -71.69679690361954
1003033150 -77.9083 -78.140913117 -68.71622573782224
10030331515 -74.2499 -81.2456105828 -71.50922009942587
10030331527 -76.1031 -84.7699140772 -72.83114793768618
10030331552 -83.3495 -68.2876989628 -57.594810383045115
10030331860 -84.7349 -87.7785349157 -77.39337421476375
10030332070 -77.0916 -82.0288348067 -73.73868642095476
10030332099 -82.5198 -70.6393044702 -60.22224040154833
10030332276 -87.3658 -91.5649080725 -79.90361297025811
10030332629 -87.699 -91.4125982988 -80.41011257306673
10030332746 -78.7879 -80.981550676 -72.3487024512142
10030332753 -83.0549 -74.6040583714 -64.69327456853352
10030332756 -85.8193 -83.4930207326 -72.40514330146834
10030332780 -85.0811 -86.8363897659 -76.36135942582041
10030333190 -78.5233 -84.8775124607 -74.99439696304034
10030333460 -83.1254 -82.2992851562 -72.1656210294459
10030333660 -74.4382 -67.8846965554 -58.11232140182983
10030334041 -78.8427 -65.3596850703 -55.53452621330507
1003033404 -79.4278 -82.6973045958 -73.8434666134417
10030334072 -76.4705 -71.1982596837 -61.77101387199946
10030334140 -72.7356 -70.8392698739 -63.461921256850474
10030334217 -75.0676 -80.8729736934 -73.03422005393077
10030334377 -83.2244 -88.0814136325 -78.63935215666424
10030334407 -81.6585 -77.6394468023 -67.94778792804573
10030335207 -74.2162 -82.815683972 -73.64397298928816
10030335303 -73.3756 -82.6679369739 -74.7113684361102
10030335390 -82.6402 -74.4472649397 -64.9881949730916
10030335399 -73.3976 -70.1299222848 -61.03493083047215
10030335580 -75.3128 -80.4287478285 -70.93562503601424
10030335602 -73.2184 -71.3655222203 -63.550493839080445
10030335603 -79.394 -71.477990443 -61.36708995990921
1003033577 -74.0876 -86.3233476633 -76.85748994129244
10030335827 -82.5764 -68.651068468 -57.913462229887955
10030336004 -81.6954 -71.4789644591 -60.19862723804545
10030336071 -92.6971 -93.3887982797 -81.02461149485316
10030336461 -84.1604 -87.3457307039 -76.18769475643057
10030336829 -83.287 -87.8746515842 -77.86293190531433
10030336951 -76.3246 -74.2397134029 -63.8890691017732
100303370 -80.6928 -74.5369188017 -65.24302220810205
1003033737 -79.1148 -68.7064564059 -59.50139845779631
10030337527 -78.9554 -78.4040590696 -69.79312451311853
10030337817 -72.8514 -80.180246128 -74.44625429203734
1003033781 -78.414 -74.1686300088 -65.17872914148029
10030337887 -82.3119 -71.5318780391 -61.79234258714132
10030337890 -79.2811 -76.1578943 -67.7157648083521
10030338147 -89.6065 -89.5616551449 -77.49481936485972
10030338739 -86.3628 -74.9805913251 -64.50765901338309
10030338771 -78.1891 -77.8990992743 -67.74053739290684
1003033898 -82.4618 -77.2103654642 -67.97387076879386
1003033990 -76.5036 -73.6871860201 -64.32943726226222
100306110477 -84.994 -78.230500525 -67.79253297485411
100306111204 -73.9763 -76.4507009476 -68.28835761954542
10030611168 -83.3344 -74.5117377846 -65.42917028057855
100306111691 -82.7399 -69.8597937128 -59.71563952008728
100306111786 -83.6984 -75.9637611733 -66.34407332621049
100306112457 -72.2446 -64.0726611625 -55.11360533430707
100306112554 -88.2651 -85.6049769176 -73.64993471384514
10030611296 -82.7719 -79.1153324993 -69.85608605714515
10030611312 -86.1906 -90.1125971586 -80.02262406621594
1003061133 -77.7627 -80.5895280204 -70.71410526509862
10030611369 -83.6842 -84.1734380181 -74.86985872837249
10030611402 -81.9075 -77.4917409309 -67.85282326862216
1003061140 -73.9973 -83.2401123209 -74.36474939389154
1003061150 -88.0592 -88.8367909587 -77.90121298690792
10030611639 -87.5016 -87.0552756369 -78.23664349049795
10030611891 -89.3885 -89.0568859074 -78.0239239387447
10030612073 -78.4504 -82.2681998601 -73.71323205938097
10030612378 -85.4572 -88.0697032481 -77.98031624115538
10030612618 -90.2782 -87.6618496955 -76.48201050818898
10030612865 -86.4422 -89.7338139334 -78.9782444157172
1003061323 -82.2748 -65.5479403307 -55.23944319190923
10030613513 -88.6692 -97.1598425028 -87.15484953369014
10030613653 -76.9813 -72.0826477065 -62.881309476913884
1003061377 -71.2324 -72.9959920838 -65.02456787345
10030613984 -84.6771 -87.5764131928 -76.21383929648437
10030614223 -78.1665 -79.7191287548 -70.04399442928843
10030614333 -86.6529 -89.9172383106 -78.94085705454927
10030614349 -80.0881 -81.1586411747 -72.70497447543312
10030614359 -90.8527 -90.5589640256 -79.04289753700141
10030614661 -80.4695 -73.3109436068 -63.745636089588515
1003061505 -87.4093 -81.1774135375 -69.72492384794168
10030615071 -72.2781 -72.5770932902 -62.34190545720048
10030615267 -83.8123 -72.3611520208 -62.28175250987988
10030615786 -78.4139 -81.0120190711 -73.42369836207945
100306157 -90.2028 -90.0131197969 -80.4754130115034
10030616074 -71.5806 -71.7878511762 -62.904600753914565
10030616159 -80.5179 -84.1425608884 -74.42473407939542
1003061662 -81.7018 -93.1543267042 -83.83807173359673
10030616727 -81.8338 -86.9945734258 -75.5454676252557
10030616728 -72.7664 -82.6588310814 -75.7097842975054
10030616829 -83.3635 -87.5941864535 -77.22926242998801
1003061682 -85.6953 -86.8439863918 -77.60828963678796
10030616835 -83.0054 -78.7669523007 -70.47417873167433
1003061688 -81.668 -75.1664357873 -66.12010399589781
1003061705 -83.8201 -94.8860775958 -85.84995390987024
10030618269 -79.8391 -79.8500588998 -70.25873128452804
10030618391 -84.2574 -88.0507936354 -77.17763497598935
10030618979 -86.1734 -89.2886347968 -77.49527754751034
1003061911 -85.1825 -90.4913029545 -79.8799236016348
10030619202 -75.1191 -78.7994395239 -69.22408577660099
10030619491 -86.05 -93.9096919698 -82.52420769433957
10030619754 -83.746 -74.7766766697 -63.88135531474836
10030619997 -85.588 -89.2255104504 -79.51141050818842
1004001109223 -90.2826 -89.8321489127 -78.05483549565542
100400513593 -83.5313 -85.5881502954 -74.94136578508187
10040059393 -75.5958 -82.2143626774 -72.03672239580192
10040141630 -78.2218 -78.081420466 -67.27475819177926
10040143928 -77.6054 -79.2146392031 -68.67064002074767
10040147063 -88.8588 -90.043005302 -78.95881081977859
100401510199 -81.4093 -83.1979006158 -73.41924065549392
10040152891 -72.8901 -81.8602939644 -72.35068181634415
10040194737 -86.3357 -93.2049234382 -81.5468657433521
1004029559 -83.2174 -74.8669939867 -64.93826464284211
